111000100011010100010101100111 0
001000001111010000111111101001 1
110001101001110100111101000110 1
111010001101000101001010110010 1
100000100010100011001000001010 1
101011001001100100111001100010 1
001110111010000100010011000100 1
001111000001111010011101011100 1
100001010101000001100101101000 1
101010111111111101000000100100 1
111010011010100011100011001000 1
110101100010000010111100001010 1
100100001011000110100001111000 1
001111111101100111001001011010 0
001001011011011001101101101111 1
001100010110000000011001110010 1
000000101101000100101010000010 0
011001110110000011000110001100 1
000000111000000010011101000101 0
001100010000001000011101110111 1